# Aggregate rate-distortion data for Gained Mean-Scale Hyperprior Model on kodak.
# The first column contains bits per pixel (bpp) values.
# The second column contains PSNR/sRGB/R'G'B' values.

[1] Minnen D, Ballé J, Toderici G. Joint autoregressive and hierarchical priors for learned image compression[J]. arXiv preprint arXiv:1809.02736, 2018.

Results Estimated From Paper[1] Figure 2
0.067	25.95
0.145	28.05
0.239	29.88
0.638	34.40
0.890	36.30


Results From Github(https://github.com/tensorflow/compression/blob/master/results/image_compression/kodak/PSNR_sRGB_RGB/minnen-2018-neurips-no-context.txt)
0.116419, 27.869507
0.172233, 28.844869
0.289868, 31.025364
0.455688, 33.049656
0.664587, 34.991868
0.934780, 36.993942


Results From my Baseline Reproduction
0.078  26.476
0.184  29.137
0.410  32.281


Results From my Gained Mean-Scale Hyperprior Model
35.502	0.844
35.430	0.828
35.355	0.814
35.278	0.8
35.201	0.787
35.118	0.777
35.034	0.764
34.948	0.745
34.848	0.724
34.735	0.709
34.654	0.695
34.583	0.684
34.513	0.672
34.439	0.661
34.365	0.651
34.286	0.64
34.206	0.63
34.127	0.619
34.036	0.607
33.934	0.595
33.836	0.584
33.688	0.566
33.532	0.548
33.377	0.531
33.215	0.513
33.051	0.496
32.881	0.48
32.704	0.464
32.532	0.449
32.383	0.433
32.229	0.417
32.045	0.402
31.860	0.387
31.670	0.373
31.489	0.359
31.305	0.345
31.121	0.332
30.944	0.319
30.771	0.305
30.600	0.293
30.435	0.281
30.284	0.272
30.135	0.264
29.996	0.255
29.859	0.248
29.726	0.24
29.599	0.232
29.475	0.225
29.352	0.217
29.234	0.21
29.111	0.203
28.665	0.183
28.361	0.169
28.088	0.157
27.848	0.145
27.631	0.135
27.428	0.125
27.236	0.117
27.050	0.108
26.856	0.1
26.660	0.093
25.980	0.078
25.741	0.072
25.561	0.068
25.399	0.064
25.240	0.06
25.091	0.055
24.934	0.05
24.790	0.046
24.640	0.042
24.494	0.039
